10 10 1.5 1.5 0
##########
#     #  #
### ###  #
#     ## #
# #@#  # #
# # ## # #
# #  # # #
# # ## # #
#        #
##########
85
5.8 1.2 0
5.8 1.8 0
3.5 6.5 0
4.5 6.5 1
7.2 1.2 0
7.2 1.4 0
7.2 1.6 0
7.2 1.8 0
7.2 2.0 0
7.2 2.2 0
7.2 2.4 0
7.2 2.6 0
7.2 2.8 0

7.4 1.2 0
7.4 1.4 0
7.4 1.6 0
7.4 1.8 0
7.4 2.0 0
7.4 2.2 0
7.4 2.4 0
7.4 2.6 0
7.4 2.8 0

7.6 1.2 0
7.6 1.4 0
7.6 1.6 0
7.6 1.8 0
7.6 2.0 0
7.6 2.2 0
7.6 2.4 0
7.6 2.6 0
7.6 2.8 0

7.8 1.2 0
7.8 1.4 0
7.8 1.6 0
7.8 1.8 0
7.8 2.0 0
7.8 2.2 0
7.8 2.4 0
7.8 2.6 0
7.8 2.8 0

8.0 1.2 0
8.0 1.4 0
8.0 1.6 0
8.0 1.8 0
8.0 2.0 0
8.0 2.2 0
8.0 2.4 0
8.0 2.6 0
8.0 2.8 0

8.2 1.2 0
8.2 1.4 0
8.2 1.6 0
8.2 1.8 0
8.2 2.0 0
8.2 2.2 0
8.2 2.4 0
8.2 2.6 0
8.2 2.8 0

8.4 1.2 0
8.4 1.4 0
8.4 1.6 0
8.4 1.8 0
8.4 2.0 0
8.4 2.2 0
8.4 2.4 0
8.4 2.6 0
8.4 2.8 0

8.6 1.2 0
8.6 1.4 0
8.6 1.6 0
8.6 1.8 0
8.6 2.0 0
8.6 2.2 0
8.6 2.4 0
8.6 2.6 0
8.6 2.8 0

8.8 1.2 0
8.8 1.4 0
8.8 1.6 0
8.8 1.8 0
8.8 2.0 0
8.8 2.2 0
8.8 2.4 0
8.8 2.6 0
8.8 2.8 0